11.459	11.459	11.459	11.459	11.459	11.459	11.459	
0.146	0.146	0.146	0.146	0.146	0.146	0.146	
1.146	1.146	1.146	1.146	1.146	1.146	1.146	
0.042	0.042	0.042	0.042	0.042	0.042	0.042	
1.146	1.146	1.146	1.146	1.146	1.146	1.146	
0.042	0.042	0.042	0.042	0.042	0.042	0.042	
1.273	1.273	1.273	1.273	1.273	1.273	1.273	
0.023	0.023	0.023	0.023	0.023	0.023	0.023	
1.273	1.273	1.273	1.273	1.273	1.273	1.273	
0.023	0.023	0.023	0.023	0.023	0.023	0.023	
2.292	2.292	2.292	2.292	2.292	2.292	2.292	
0.013	0.013	0.013	0.013	0.013	0.013	0.013	
2.292	2.292	2.292	2.292	2.292	2.292	2.292	
0.013	0.013	0.013	0.013	0.013	0.013	0.013	
1.910	1.910	1.910	1.910	1.910	1.910	1.910	
0.01	0.01	0.01	0.01	0.01	0.01	0.01	
1.910	1.910	1.910	1.910	1.910	1.910	1.910	
0.01	0.01	0.01	0.01	0.01	0.01	0.01	
1.0	1.0	1.0	1.0	1.0	1.0	1.0	
1.0	1.0	1.0	1.0	1.0	1.0	1.0	
1.0	1.0	1.0	1.0	1.0	1.0	1.0	
1.0	1.0	1.0	1.0	1.0	1.0	1.0	
0.318	0.318	0.318	0.318	0.318	0.318	0.318	
0.006	0.006	0.006	0.006	0.006	0.006	0.006	
0.318	0.318	0.318	0.318	0.318	0.318	0.318	
0.050	0.050	0.050	0.050	0.050	0.050	0.050	
0.318	0.318	0.318	0.318	0.318	0.318	0.318	
0.100	0.100	0.100	0.100	0.100	0.100	0.100	
1.000	1.000	1.000	1.000	1.000	1.000	1.000	
400.00	50.00	50.00	12.00	12.00	50.00	50.00
1.000	1.00	1.00	0.20	0.20	0.10	0.10
400.00	100.00	100.00	100.00	100.00	300.00	300.00
1.000	3.00	3.00	1.00	1.00	2.50	2.50
11.459	1.146	1.146	1.273	1.273	2.292	2.292
